function retval = kicad_pcb_mesh()
mesh.x = [ -10.000000 -7.511580 -5.023159 -3.315761 -2.177382 -1.418386 -0.912339 -0.574940 -0.349985 -0.200000 -0.100000 -0.000000 0.140500 0.281000 0.381000 0.481000 0.630985 0.784791 0.938597 1.092403 1.246209 1.400015 1.550000 1.650000 1.750000 1.899985 2.124940 2.462339 2.968386 3.727382 4.865761 6.573159 9.134000 12.134000 14.567000 17.000000 19.433000 21.866000 24.866000 27.426841 29.134239 30.272618 31.031614 31.537661 31.875060 32.100015 32.250000 32.350000 32.450000 32.599985 32.824940 33.097980 33.371020 33.644060 33.869015 34.019000 34.119000 34.219000 34.359500 34.500000 34.600000 34.700000 34.849985 35.074940 35.412339 35.918386 36.677382 37.815761 39.523159 42.084000 45.000000  ];
mesh.y = [ -40.000000 -37.084000 -34.523159 -32.815761 -31.677382 -30.918386 -30.412339 -30.074940 -29.849985 -29.700000 -29.600000 -29.500000 -29.359500 -29.219000 -29.119000 -29.019000 -28.869015 -28.644060 -28.306661 -27.800614 -27.041618 -25.903239 -24.195841 -22.434500 -20.673159 -18.965761 -17.827382 -17.068386 -16.562339 -16.224940 -15.999985 -15.850000 -15.750000 -15.650000 -15.500015 -15.275060 -14.937661 -14.562597 -14.187532 -13.812468 -13.437403 -13.062339 -12.724940 -12.499985 -12.350000 -12.250000 -12.150000 -12.000015 -11.775060 -11.437661 -10.931614 -10.172618 -9.034239 -7.674870 -6.315500 -4.956130 -3.596761 -2.458382 -1.699386 -1.193339 -0.855940 -0.630985 -0.481000 -0.381000 -0.281000 -0.140500 0.000000 0.100000 0.200000 0.349985 0.574940 0.912339 1.418386 2.177382 3.315761 5.023159 7.511580 10.000000  ];
mesh.z = [ -5.000000 -3.639742 -2.279484 -1.199808 -0.479952 -0.000000 0.320000 0.640000 0.960000 1.280000 1.600000 2.079952 2.799808 3.879484 4.939742 6.000000  ];
retval = mesh;
end

% Mesh gap sizes:
% X:
% 2.488420 2.488420 1.707398 1.138379 0.758995 0.506048 0.337399 0.224955 0.149985 0.100000 
% 0.100000 0.140500 0.140500 0.100000 0.100000 0.149985 0.153806 0.153806 0.153806 0.153806 
% 0.153806 0.149985 0.100000 0.100000 0.149985 0.224955 0.337399 0.506048 0.758995 1.138379 
% 1.707398 2.560841 3.000000 2.433000 2.433000 2.433000 2.433000 3.000000 2.560841 1.707398 
% 1.138379 0.758995 0.506048 0.337399 0.224955 0.149985 0.100000 0.100000 0.149985 0.224955 
% 0.273040 0.273040 0.273040 0.224955 0.149985 0.100000 0.100000 0.140500 0.140500 0.100000 
% 0.100000 0.149985 0.224955 0.337399 0.506048 0.758995 1.138379 1.707398 2.560841 2.916000 
% Y:
% 2.916000 2.560841 1.707398 1.138379 0.758995 0.506048 0.337399 0.224955 0.149985 0.100000 
% 0.100000 0.140500 0.140500 0.100000 0.100000 0.149985 0.224955 0.337399 0.506048 0.758995 
% 1.138379 1.707398 1.761341 1.761341 1.707398 1.138379 0.758995 0.506048 0.337399 0.224955 
% 0.149985 0.100000 0.100000 0.149985 0.224955 0.337399 0.375064 0.375064 0.375064 0.375064 
% 0.375064 0.337399 0.224955 0.149985 0.100000 0.100000 0.149985 0.224955 0.337399 0.506048 
% 0.758995 1.138379 1.359370 1.359370 1.359370 1.359370 1.138379 0.758995 0.506048 0.337399 
% 0.224955 0.149985 0.100000 0.100000 0.140500 0.140500 0.100000 0.100000 0.149985 0.224955 
% 0.337399 0.506048 0.758995 1.138379 1.707398 2.488420 2.488420 
% Z:
% 1.360258 1.360258 1.079676 0.719856 0.479952 0.320000 0.320000 0.320000 0.320000 0.320000 
% 0.479952 0.719856 1.079676 1.060258 1.060258 

% Mesh gap ratios:
% X:
% 1.000000 1.457434 1.499850 1.499850 1.499850 1.499850 1.499850 1.499850 1.499850 1.000000 
% 1.405000 1.000000 1.405000 1.000000 1.499850 1.025476 1.000000 1.000000 1.000000 1.000000 
% 1.025476 1.499850 1.000000 1.499850 1.499850 1.499850 1.499850 1.499850 1.499850 1.499850 
% 1.499850 1.171490 1.233046 1.000000 1.000000 1.000000 1.233046 1.171490 1.499850 1.499850 
% 1.499850 1.499850 1.499850 1.499850 1.499850 1.499850 1.000000 1.499850 1.499850 1.213754 
% 1.000000 1.000000 1.213754 1.499850 1.499850 1.000000 1.405000 1.000000 1.405000 1.000000 
% 1.499850 1.499850 1.499850 1.499850 1.499850 1.499850 1.499850 1.499850 1.138688 
% Y:
% 1.138688 1.499850 1.499850 1.499850 1.499850 1.499850 1.499850 1.499850 1.499850 1.000000 
% 1.405000 1.000000 1.405000 1.000000 1.499850 1.499850 1.499850 1.499850 1.499850 1.499850 
% 1.499850 1.031594 1.000000 1.031594 1.499850 1.499850 1.499850 1.499850 1.499850 1.499850 
% 1.499850 1.000000 1.499850 1.499850 1.499850 1.111636 1.000000 1.000000 1.000000 1.000000 
% 1.111636 1.499850 1.499850 1.499850 1.000000 1.499850 1.499850 1.499850 1.499850 1.499850 
% 1.499850 1.194127 1.000000 1.000000 1.000000 1.194127 1.499850 1.499850 1.499850 1.499850 
% 1.499850 1.499850 1.000000 1.405000 1.000000 1.405000 1.000000 1.499850 1.499850 1.499850 
% 1.499850 1.499850 1.499850 1.499850 1.457434 1.000000 
% Z:
% 1.000000 1.259876 1.499850 1.499850 1.499850 1.000000 1.000000 1.000000 1.000000 1.499850 
% 1.499850 1.499850 1.018314 1.000000 
